#t[s] #S1[m] #S2[m]
0.01 137.56 61.95
0.02 137.84 63.41
0.03 138.27 65.03
0.04 138.89 66.84
0.05 139.36 68.56
0.06 139.71 70.09
0.07 140.48 72.03
0.08 140.97 73.71
0.09 141.66 75.61
0.1 142.53 77.70
0.11 143.14 79.83
0.12 143.70 81.74
0.13 144.66 83.58
0.14 145.28 85.56
0.15 146.16 87.35
0.16 147.05 89.61
0.17 147.85 91.54
0.18 148.73 93.66
0.19 149.43 95.61
0.2 150.47 97.61
0.21 151.47 99.83
0.22 152.19 101.84
0.23 153.28 103.83
0.24 154.40 106.02
0.25 155.40 108.09
0.26 156.39 110.02
0.27 157.58 112.29
0.28 158.69 114.40
0.29 159.91 116.48
0.3 161.01 118.41
0.31 162.26 120.60
0.32 163.37 122.71
0.33 164.58 124.61
0.34 165.84 126.78
0.35 166.88 128.93
0.36 168.29 130.91
0.37 169.52 132.93
0.38 170.63 134.80
0.39 171.93 136.96
0.4 173.44 138.93
0.41 174.49 140.85
0.42 175.99 142.95
0.43 177.27 145.07
0.44 178.51 146.95
0.45 179.79 149.00
0.46 181.11 150.77
0.47 182.67 152.55
0.48 183.64 154.50
0.49 185.25 156.37
0.5 186.45 158.22
0.51 188.02 160.02
0.52 189.10 161.95
0.53 190.40 163.68
0.54 191.59 165.40
0.55 192.94 167.10
0.56 194.34 168.92
0.57 195.67 170.48
0.58 196.96 172.25
0.59 198.21 173.88
0.6 199.69 175.56
0.61 200.91 177.07
0.62 202.00 178.66
0.63 203.36 179.93
0.64 204.59 181.63
0.65 205.99 183.10
0.66 207.27 184.59
0.67 208.44 185.75
0.68 209.38 187.45
0.69 210.53 188.82
0.7 211.62 189.97
0.71 212.84 191.29
0.72 213.94 192.50
0.73 214.99 193.62
0.74 216.19 194.86
0.75 217.21 195.97
0.76 218.31 197.12
0.77 219.25 198.13
0.78 220.27 199.30
0.79 221.37 200.18
0.8 222.12 201.13
0.81 223.28 202.21
0.82 224.13 202.85
0.83 225.09 204.00
0.84 225.87 204.86
0.85 226.78 205.42
0.86 227.61 206.24
0.87 228.35 206.82
0.88 229.35 207.56
0.89 230.11 208.12
0.9 230.71 208.99
0.91 231.41 209.31
0.92 232.08 210.10
0.93 232.86 210.31
0.94 233.57 210.89
0.95 234.07 211.15
0.96 234.71 211.41
0.97 235.14 211.91
0.98 235.55 212.19
0.99 236.32 212.15
1 236.77 212.64
1.01 237.20 212.63
1.02 237.74 212.91
1.03 238.04 212.92
1.04 238.66 213.01
1.05 238.91 213.05
1.06 239.43 213.00
1.07 239.56 212.79
1.08 240.18 212.92
1.09 240.24 212.63
1.1 240.59 212.47
1.11 240.92 212.13
1.12 241.06 211.88
1.13 241.01 211.58
1.14 241.54 211.20
1.15 241.51 210.76
1.16 241.62 210.47
1.17 241.82 209.87
1.18 241.95 209.59
1.19 242.06 209.02
1.2 241.90 208.39
1.21 241.88 207.96
1.22 242.00 207.09
1.23 241.89 206.44
1.24 241.99 205.78
1.25 241.90 205.11
1.26 241.99 204.44
1.27 241.79 203.62
1.28 241.50 202.72
1.29 241.53 201.76
1.3 241.78 200.95
1.31 241.18 200.08
1.32 241.21 198.95
1.33 241.02 198.06
1.34 240.87 196.92
1.35 240.72 195.94
1.36 240.43 194.86
1.37 240.31 193.83
1.38 240.03 192.65
1.39 239.78 191.38
1.4 239.47 190.24
1.41 239.13 189.15
1.42 239.00 187.78
1.43 238.64 186.43
1.44 238.28 185.31
1.45 237.92 183.90
1.46 237.90 182.69
1.47 237.65 181.18
1.48 237.16 179.83
1.49 236.85 178.41
1.5 236.52 177.05
1.51 236.23 175.60
1.52 236.05 174.15
1.53 235.60 172.58
1.54 235.27 171.09
1.55 234.88 169.63
1.56 234.65 168.17
1.57 234.29 166.65
1.58 233.96 164.88
1.59 233.69 163.56
1.6 233.45 161.80
1.61 233.13 160.30
1.62 232.80 158.62
1.63 232.36 157.15
1.64 232.06 155.63
1.65 231.81 153.63
1.66 231.34 152.23
1.67 231.24 150.49
1.68 230.95 149.03
1.69 230.79 147.11
1.7 230.28 145.53
1.71 229.90 143.82
1.72 229.75 142.21
1.73 229.69 140.44
1.74 229.46 138.69
1.75 229.09 137.02
1.76 228.93 135.72
1.77 228.49 133.96
1.78 228.43 132.28
1.79 228.32 130.38
1.8 227.85 128.78
1.81 227.60 127.09
1.82 227.58 125.55
1.83 227.23 123.69
1.84 227.18 122.29
1.85 226.98 120.63
1.86 226.89 118.84
1.87 226.66 117.17
1.88 226.58 115.51
1.89 226.66 114.05
1.9 226.33 112.59
1.91 226.09 110.94
1.92 226.01 109.42
1.93 225.89 107.96
1.94 225.86 106.46
1.95 225.73 104.72
1.96 225.65 103.30
1.97 225.56 101.86
1.98 225.41 100.27
1.99 225.52 98.93
2 225.37 97.40
2.01 225.28 96.15
2.02 225.33 94.83
2.03 225.22 93.12
2.04 225.15 92.09
2.05 225.15 90.56
2.06 224.99 89.13
2.07 224.93 87.85
2.08 224.80 86.79
2.09 224.79 85.60
2.1 224.69 84.20
2.11 224.66 83.00
2.12 224.62 81.78
2.13 224.41 80.46
2.14 224.49 79.33
2.15 224.35 78.21
2.16 224.44 77.27
2.17 224.40 76.03
2.18 224.16 74.81
2.19 224.05 73.99
2.2 223.88 72.80
2.21 223.89 71.79
2.22 223.74 70.71
2.23 223.71 69.62
2.24 223.37 68.77
2.25 223.05 67.86
2.26 223.05 66.75
2.27 222.83 65.79
2.28 222.67 64.95
2.29 222.52 64.12
2.3 222.27 63.09
2.31 222.01 62.15
2.32 221.66 61.31
2.33 221.75 60.63
2.34 221.56 59.75
2.35 220.96 58.87
2.36 220.83 58.01
2.37 220.57 57.31
2.38 220.08 56.22
2.39 219.70 55.92
2.4 219.39 54.83
2.41 219.03 54.00
2.42 218.52 53.14
2.43 218.08 52.44
2.44 217.66 51.59
2.45 217.32 50.73
2.46 216.78 49.72
2.47 216.25 49.13
2.48 215.73 48.30
2.49 215.35 47.50
2.5 214.76 46.91
2.51 214.06 46.01
2.52 213.34 45.09
2.53 212.90 44.17
2.54 212.11 43.61
2.55 211.35 42.69
2.56 210.58 41.76
2.57 210.04 41.15
2.58 209.26 40.33
2.59 208.49 39.40
2.6 207.75 38.55
2.61 206.97 37.63
2.62 206.08 36.80
2.63 205.09 36.00
2.64 204.18 35.10
2.65 203.44 34.03
2.66 202.42 33.32
2.67 201.54 32.30
2.68 200.60 31.61
2.69 199.53 30.61
2.7 198.28 29.86
2.71 197.29 29.08
2.72 196.26 28.27
2.73 195.25 27.32
2.74 194.16 26.40
2.75 193.04 25.98
2.76 191.90 25.22
2.77 190.65 24.64
2.78 189.41 23.98
2.79 188.38 23.49
2.8 186.84 22.84
2.81 185.70 22.51
2.82 184.38 22.24
2.83 183.13 22.07
2.84 181.90 21.99
2.85 180.49 22.17
2.86 179.17 22.22
2.87 177.74 22.26
2.88 176.36 22.78
2.89 175.01 23.22
2.9 173.60 23.78
2.91 172.15 24.60
2.92 170.66 25.34
2.93 169.25 26.17
2.94 167.74 27.37
2.95 166.29 28.42
2.96 164.88 29.57
2.97 163.14 30.63
2.98 161.65 32.02
2.99 160.33 33.64
3 158.76 34.97
3.01 157.27 36.49
3.02 155.69 38.06
3.03 154.13 39.69
3.04 152.66 41.37
3.05 150.98 42.96
3.06 149.36 44.75
3.07 148.23 46.59
3.08 146.28 48.33
3.09 144.77 50.30
3.1 143.26 52.19
3.11 141.87 53.94
3.12 140.21 55.91
3.13 138.69 57.92
3.14 137.28 59.83
3.15 135.86 61.92
3.16 134.39 63.80
3.17 132.79 65.90
3.18 131.27 67.97
3.19 129.83 70.06
3.2 128.38 72.09
3.21 126.99 74.31
3.22 125.59 76.35
3.23 124.41 78.35
3.24 122.90 80.52
3.25 121.61 82.85
3.26 120.22 84.90
3.27 119.24 87.34
3.28 117.59 89.25
3.29 116.41 91.46
3.3 115.26 93.70
3.31 114.50 95.88
3.32 113.09 98.23
3.33 112.04 100.35
3.34 110.86 102.48
3.35 110.01 104.56
3.36 109.11 106.96
3.37 107.83 109.09
3.38 106.99 111.33
3.39 106.27 113.55
3.4 105.27 115.83
3.41 104.55 117.96
3.42 104.09 120.19
3.43 103.28 122.32
3.44 102.52 124.51
3.45 101.99 126.86
3.46 101.42 128.93
3.47 101.01 131.13
3.48 100.50 133.02
3.49 100.05 135.41
3.5 99.46 137.27
3.51 99.33 139.57
3.52 98.98 141.74
3.53 98.99 143.63
3.54 98.51 145.86
3.55 98.32 147.97
3.56 98.28 150.06
3.57 98.37 151.90
3.58 98.08 153.83
3.59 98.16 156.14
3.6 98.23 158.05
3.61 98.30 159.86
3.62 98.46 162.02
3.63 98.40 163.88
3.64 98.80 165.71
3.65 98.98 167.43
3.66 98.94 169.39
3.67 99.30 171.20
3.68 99.71 173.05
3.69 99.83 174.83
3.7 100.30 176.54
3.71 100.55 178.46
3.72 100.97 179.93
3.73 101.42 181.80
3.74 101.55 183.34
3.75 102.14 185.12
3.76 102.45 186.77
3.77 102.54 188.44
3.78 103.30 189.81
3.79 103.80 191.35
3.8 104.13 192.77
3.81 104.65 194.30
3.82 104.93 195.83
3.83 105.33 197.06
3.84 105.70 198.45
3.85 106.19 199.70
3.86 106.56 201.15
3.87 106.96 202.24
3.88 107.21 203.48
3.89 107.54 204.53
3.9 107.72 205.89
3.91 108.38 206.91
3.92 108.69 208.06
3.93 108.95 209.25
3.94 109.08 210.23
3.95 109.34 211.10
3.96 109.53 212.10
3.97 109.89 213.00
3.98 110.30 213.85
3.99 110.24 214.69
4 110.67 215.58
4.01 110.85 216.45
4.02 110.88 216.89
4.03 110.87 217.74
4.04 111.04 218.25
4.05 111.33 218.89
4.06 111.11 219.50
4.07 111.17 220.06
4.08 111.17 220.57
4.09 111.14 221.06
4.1 111.00 221.38
4.11 110.75 221.82
4.12 110.60 222.16
4.13 110.57 222.41
4.14 110.36 222.58
4.15 110.17 222.94
4.16 109.63 222.96
4.17 109.41 223.33
4.18 109.06 223.16
4.19 108.91 223.30
4.2 108.28 223.43
4.21 107.99 223.43
4.22 107.57 223.23
4.23 106.91 223.02
4.24 106.53 223.06
4.25 105.93 222.99
4.26 105.27 222.87
4.27 104.79 222.52
4.28 104.16 222.30
4.29 103.41 222.12
4.3 102.37 221.58
4.31 101.99 221.36
4.32 101.22 220.82
4.33 100.43 220.45
4.34 99.44 219.98
4.35 98.59 219.46
4.36 97.84 218.79
4.37 96.86 218.17
4.38 95.79 217.74
4.39 94.85 216.96
4.4 94.03 216.45
4.41 92.71 215.80
4.42 91.79 214.85
4.43 90.77 214.12
4.44 89.43 213.16
4.45 88.33 212.39
4.46 87.23 211.50
4.47 85.96 210.53
4.48 84.91 209.86
4.49 83.48 208.72
4.5 82.42 207.82
4.51 80.90 206.87
4.52 79.60 205.70
4.53 78.10 204.69
4.54 76.79 203.63
4.55 75.48 202.52
4.56 74.09 201.38
4.57 72.82 200.12
4.58 71.09 199.13
4.59 69.83 197.53
4.6 68.30 196.56
4.61 67.01 195.22
4.62 65.36 194.00
4.63 63.82 192.78
4.64 62.42 191.54
4.65 60.98 190.11
4.66 59.53 188.92
4.67 57.80 187.39
4.68 56.43 185.93
4.69 54.82 184.66
4.7 53.35 183.21
4.71 52.07 182.03
4.72 50.36 180.49
4.73 49.15 179.12
4.74 47.69 177.57
4.75 46.30 176.19
4.76 44.92 174.73
4.77 43.66 173.17
4.78 42.34 171.81
4.79 40.88 170.20
4.8 39.98 168.71
4.81 38.69 167.14
4.82 37.84 165.65
4.83 36.85 164.02
4.84 35.80 162.84
4.85 34.94 161.14
4.86 34.47 159.43
4.87 33.89 158.17
4.88 33.38 156.56
4.89 32.98 155.06
4.9 32.79 153.49
4.91 32.41 152.11
4.92 32.77 150.73
4.93 32.89 149.15
4.94 33.45 147.40
4.95 33.78 146.02
4.96 34.08 144.44
4.97 34.96 143.22
4.98 35.89 141.54
4.99 36.53 140.04
5 37.81 138.73
5.01 38.61 137.39
5.02 39.84 136.00
5.03 40.98 134.40
5.04 42.51 132.87
5.05 43.74 131.57
5.06 44.87 130.15
5.07 46.21 128.87
5.08 47.82 127.35
5.09 49.37 126.28
5.1 50.88 125.05
5.11 52.42 123.44
5.12 53.98 122.25
5.13 55.58 120.83
5.14 57.19 119.84
5.15 58.77 118.29
5.16 60.13 117.23
5.17 62.03 116.04
5.18 63.70 114.78
5.19 65.35 113.49
5.2 66.75 112.36
5.21 68.46 111.16
5.22 70.10 109.99
5.23 71.87 108.96
5.24 73.32 107.80
5.25 74.99 106.79
5.26 76.53 105.75
5.27 78.02 104.78
5.28 79.66 103.79
5.29 81.26 102.36
5.3 82.65 101.71
5.31 84.45 100.64
5.32 85.95 99.68
5.33 87.37 98.75
5.34 88.79 97.65
5.35 90.15 96.94
5.36 91.73 95.85
5.37 92.99 94.97
5.38 94.32 94.03
5.39 95.69 93.44
5.4 96.92 92.42
5.41 98.48 91.69
5.42 99.56 90.77
5.43 100.88 89.82
5.44 102.40 88.95
5.45 103.30 88.23
5.46 104.48 87.43
5.47 105.68 86.64
5.48 106.92 85.92
5.49 107.78 85.02
5.5 109.25 84.21
5.51 110.17 83.56
5.52 111.50 82.58
5.53 112.20 81.65
5.54 113.20 80.97
5.55 114.34 80.13
5.56 114.99 79.50
5.57 116.03 78.71
5.58 116.84 78.01
5.59 117.90 77.17
5.6 118.42 76.39
5.61 119.41 75.44
5.62 120.13 74.69
5.63 120.97 73.86
5.64 121.57 73.09
5.65 122.31 72.25
5.66 123.00 71.42
5.67 123.48 70.53
5.68 124.20 69.74
5.69 124.78 69.22
5.7 125.24 68.26
5.71 125.84 67.34
5.72 126.39 66.48
5.73 126.83 65.81
5.74 127.06 64.86
5.75 127.75 64.03
5.76 128.12 63.10
5.77 128.45 62.29
5.78 128.72 61.28
5.79 129.18 60.58
5.8 129.64 59.61
5.81 129.68 58.66
5.82 130.02 57.94
5.83 130.30 57.05
5.84 130.51 56.17
5.85 130.67 55.34
5.86 130.96 54.28
5.87 131.31 53.57
5.88 131.55 52.53
5.89 131.42 51.76
5.9 131.61 50.85
5.91 131.75 50.23
5.92 131.95 49.42
5.93 131.95 48.52
5.94 132.24 48.04
5.95 132.09 47.15
5.96 132.30 46.47
5.97 132.41 45.82
5.98 132.30 45.33
5.99 132.49 44.73
6 132.58 44.33
6.01 132.64 43.78
6.02 132.53 43.44
6.03 132.62 43.16
6.04 132.70 42.80
6.05 132.71 42.61
6.06 132.88 42.29
6.07 132.94 42.45
6.08 132.86 42.34
6.09 133.13 42.49
6.1 133.21 42.68
6.11 133.24 42.85
6.12 133.23 43.17
6.13 133.56 43.68
6.14 133.38 44.28
6.15 133.89 44.81
6.16 133.99 45.56
6.17 134.05 46.28
6.18 134.10 47.20
6.19 134.23 48.15
6.2 134.44 49.15
6.21 134.85 50.02
6.22 134.91 51.53
6.23 135.28 52.51
6.24 135.63 53.86
6.25 135.83 55.11
6.26 135.93 56.69
6.27 136.44 58.00
6.28 136.67 59.65
6.29 137.36 61.40
6.3 137.85 62.83
6.31 138.20 64.52
6.32 138.63 66.32
6.33 139.03 67.96
6.34 139.65 69.86
6.35 140.19 71.64
6.36 141.00 73.28
6.37 141.46 75.28
6.38 142.07 77.29
6.39 142.78 79.05
6.4 143.32 81.09
6.41 144.31 83.07
6.42 145.09 84.93
6.43 145.87 86.85
6.44 146.42 88.91
6.45 147.52 90.74
6.46 148.27 92.93
6.47 149.19 94.76
6.48 150.26 97.05
6.49 151.02 99.22
6.5 152.05 101.05
6.51 153.10 103.37
6.52 154.12 105.26
6.53 154.98 107.43
6.54 156.26 109.50
6.55 157.44 111.47
6.56 158.30 113.47
6.57 159.58 115.71
6.58 160.57 117.82
6.59 161.92 120.05
6.6 162.89 121.98
6.61 164.02 124.08
6.62 165.32 126.04
6.63 166.65 128.21
6.64 168.05 130.18
6.65 169.07 132.35
6.66 170.35 134.24
6.67 171.56 136.14
6.68 172.74 138.43
6.69 174.33 140.39
6.7 175.53 142.41
6.71 176.74 144.19
6.72 178.18 146.28
6.73 179.40 148.26
6.74 180.76 150.25
6.75 182.10 152.18
6.76 183.59 154.01
6.77 184.78 155.84
6.78 186.00 157.83
6.79 187.40 159.58
6.8 188.69 161.39
6.81 189.97 163.04
6.82 191.45 165.06
6.83 192.56 166.57
6.84 193.99 168.37
6.85 195.31 170.09
6.86 196.77 171.74
6.87 197.94 173.48
6.88 199.23 174.76
6.89 200.43 176.49
6.9 201.69 178.18
6.91 202.92 179.61
6.92 204.27 181.11
6.93 205.55 182.75
6.94 206.80 184.08
6.95 207.84 185.42
6.96 209.08 186.99
6.97 210.19 188.33
6.98 211.36 189.45
6.99 212.58 190.93
7 213.83 192.15
7.01 214.85 193.50
7.02 215.76 194.58
7.03 217.00 195.60
7.04 217.79 196.62
7.05 218.96 197.85
7.06 219.97 199.01
7.07 221.15 199.84
7.08 221.95 200.97
7.09 223.06 201.74
7.1 223.87 202.73
7.11 224.88 203.63
7.12 225.72 204.35
7.13 226.50 205.32
7.14 227.39 205.93
7.15 228.20 206.66
7.16 228.93 207.51
7.17 229.63 208.01
7.18 230.34 208.65
7.19 231.09 208.97
7.2 231.89 209.65
7.21 232.61 210.15
7.22 233.25 210.61
7.23 233.82 210.92
7.24 234.50 211.34
7.25 235.08 211.86
7.26 235.64 212.25
7.27 236.21 212.20
7.28 236.69 212.55
7.29 237.16 212.49
7.3 237.60 212.89
7.31 237.92 212.79
7.32 238.65 212.94
7.33 239.02 212.77
7.34 239.23 213.12
7.35 239.66 212.86
7.36 240.18 212.79
7.37 240.39 212.56
7.38 240.34 212.46
7.39 240.71 212.27
7.4 241.00 212.03
7.41 241.00 211.76
7.42 241.20 211.40
7.43 241.30 211.01
7.44 241.57 210.76
7.45 241.68 210.14
7.46 241.83 209.65
7.47 241.85 209.29
7.48 241.89 208.60
7.49 241.96 207.94
7.5 242.10 207.33
7.51 242.00 206.72
7.52 241.80 206.17
7.53 242.20 205.36
7.54 241.98 204.69
7.55 241.71 203.72
7.56 241.63 203.05
7.57 241.56 202.19
7.58 241.67 201.22
7.59 241.17 200.33
7.6 241.28 199.25
7.61 241.00 198.40
7.62 240.60 197.42
7.63 240.56 196.38
7.64 240.58 195.26
7.65 240.47 194.14
7.66 240.21 192.90
7.67 239.71 191.79
7.68 239.63 190.64
7.69 239.24 189.35
7.7 238.94 188.20
7.71 238.79 186.95
7.72 238.45 185.62
7.73 238.11 184.39
7.74 237.97 182.97
7.75 237.64 181.69
7.76 237.27 180.30
7.77 237.00 178.89
7.78 236.51 177.38
7.79 236.30 176.09
7.8 236.01 174.62
7.81 235.81 173.20
7.82 235.34 171.61
7.83 235.10 169.90
7.84 234.82 168.59
7.85 234.60 167.04
7.86 234.07 165.44
7.87 233.67 164.17
7.88 233.59 162.36
7.89 233.06 160.79
7.9 232.88 159.12
7.91 232.43 157.37
7.92 232.13 155.97
7.93 231.82 154.28
7.94 231.56 152.53
7.95 231.30 150.97
7.96 230.93 149.44
7.97 230.72 147.75
7.98 230.31 146.14
7.99 230.18 144.54
8 229.74 142.75
8.01 229.52 141.06
8.02 229.43 139.48
8.03 229.07 137.79
8.04 228.94 135.99
8.05 228.59 134.52
8.06 228.36 132.64
8.07 228.15 131.18
8.08 227.95 129.24
8.09 227.79 127.65
8.1 227.56 126.10
8.11 227.48 124.30
8.12 227.33 122.75
8.13 227.05 121.21
8.14 226.95 119.35
8.15 226.74 117.99
8.16 226.77 116.43
8.17 226.53 114.57
8.18 226.51 113.32
8.19 226.31 111.42
8.2 226.14 109.86
8.21 225.78 108.45
8.22 225.86 106.78
8.23 225.91 105.23
8.24 225.64 103.71
8.25 225.73 102.41
8.26 225.56 100.82
8.27 225.45 99.46
8.28 225.35 97.94
8.29 225.34 96.41
8.3 225.24 95.05
8.31 225.21 93.71
8.32 225.05 92.32
8.33 225.11 91.01
8.34 224.91 89.69
8.35 224.75 88.47
8.36 224.89 87.05
8.37 224.87 85.91
8.38 224.74 84.63
8.39 224.57 83.25
8.4 224.51 82.10
8.41 224.50 80.81
8.42 224.56 79.72
8.43 224.38 78.58
8.44 224.41 77.30
8.45 224.47 76.36
8.46 224.06 75.40
8.47 224.09 74.24
8.48 224.02 73.06
8.49 223.70 71.97
8.5 223.60 70.90
8.51 223.70 70.33
8.52 223.46 69.07
8.53 223.20 68.03
8.54 223.01 67.06
8.55 222.91 66.08
8.56 222.82 65.23
8.57 222.65 64.48
8.58 222.52 63.51
8.59 222.24 62.71
8.6 221.85 61.70
8.61 221.63 60.95
8.62 221.54 59.99
8.63 221.08 59.16
8.64 220.82 58.34
8.65 220.53 57.62
8.66 220.13 56.72
8.67 219.85 55.83
8.68 219.53 55.00
8.69 219.19 54.14
8.7 218.78 53.59
8.71 218.36 52.59
8.72 217.80 51.95
8.73 217.51 51.20
8.74 217.01 50.11
8.75 216.42 49.34
8.76 215.89 48.77
8.77 215.20 47.74
8.78 214.88 46.98
8.79 214.16 46.28
8.8 213.45 45.48
8.81 213.21 44.72
8.82 212.31 43.88
8.83 211.75 43.10
8.84 210.84 42.07
8.85 210.16 41.13
8.86 209.51 40.30
8.87 208.53 39.55
8.88 207.83 38.68
8.89 207.26 37.83
8.9 206.33 37.02
8.91 205.39 36.17
8.92 204.50 35.38
8.93 203.47 34.32
8.94 202.59 33.35
8.95 201.84 32.75
8.96 200.67 31.65
8.97 199.69 30.88
8.98 198.75 30.17
8.99 197.79 29.50
9 196.70 28.54
9.01 195.63 27.81
9.02 194.42 26.87
9.03 193.46 26.18
9.04 192.15 25.46
9.05 191.23 24.90
9.06 189.84 24.13
9.07 188.67 23.72
9.08 187.23 23.33
9.09 185.94 22.79
9.1 184.64 22.42
9.11 183.44 22.38
9.12 182.19 22.13
9.13 180.90 21.92
9.14 179.60 22.02
9.15 178.25 22.42
9.16 176.82 22.75
9.17 175.36 23.05
9.18 174.22 23.60
9.19 172.68 24.13
9.2 171.18 25.04
9.21 169.50 26.01
9.22 168.33 26.96
9.23 166.64 27.88
9.24 165.25 29.19
9.25 163.82 30.39
9.26 162.38 31.68
9.27 160.61 33.12
9.28 159.31 34.41
9.29 157.57 36.14
9.3 156.15 37.61
9.31 154.51 39.07
9.32 153.07 40.77
9.33 151.70 42.51
9.34 150.05 44.19
9.35 148.37 46.00
9.36 146.88 48.00
9.37 145.60 49.73
9.38 143.85 51.47
9.39 142.11 53.47
9.4 140.79 55.25
9.41 139.14 57.32
9.42 137.66 59.23
9.43 136.30 61.28
9.44 134.69 63.00
9.45 133.31 65.43
9.46 131.93 67.20
9.47 130.45 69.25
9.48 128.98 71.62
9.49 127.41 73.62
9.5 126.17 75.89
9.51 124.79 77.73
9.52 123.26 80.09
9.53 122.02 82.19
9.54 120.73 84.25
9.55 119.63 86.42
9.56 118.14 88.66
9.57 116.89 90.94
9.58 115.73 92.90
9.59 114.60 95.11
9.6 113.33 97.24
9.61 112.21 99.63
9.62 111.29 101.95
9.63 110.34 104.08
9.64 109.28 106.17
9.65 108.25 108.61
9.66 107.10 110.60
9.67 106.38 112.94
9.68 105.63 115.16
9.69 104.91 117.18
9.7 104.14 119.35
9.71 103.37 121.76
9.72 102.81 123.83
9.73 102.24 125.99
9.74 101.76 128.14
9.75 100.94 130.39
9.76 100.42 132.74
9.77 100.15 134.58
9.78 99.62 136.73
9.79 99.39 138.95
9.8 98.93 140.98
9.81 98.91 143.09
9.82 98.56 144.95
9.83 98.37 147.13
9.84 98.24 149.38
9.85 98.43 151.39
9.86 98.15 153.41
9.87 98.01 155.36
9.88 98.22 157.21
9.89 98.44 159.26
9.9 98.36 161.33
9.91 98.37 163.23
9.92 98.60 165.08
9.93 98.92 167.19
9.94 99.19 168.94
9.95 99.29 170.53
9.96 99.41 172.65
9.97 99.75 174.26
9.98 100.03 176.09
9.99 100.49 177.85
10 100.58 179.57
10.01 101.08 181.30
10.02 101.32 182.85
10.03 101.93 184.63
10.04 102.29 185.96
10.05 102.73 187.62
10.06 103.14 189.29
10.07 103.67 190.85
10.08 103.78 192.50
10.09 104.26 193.85
10.1 104.72 195.16
10.11 105.13 196.76
10.12 105.54 198.05
10.13 105.93 199.31
10.14 106.36 200.74
10.15 106.89 201.84
10.16 107.23 203.23
10.17 107.48 204.53
10.18 107.89 205.52
10.19 108.30 206.81
10.2 108.60 207.73
10.21 108.91 208.65
10.22 109.14 209.95
10.23 109.31 210.86
10.24 109.77 211.96
10.25 110.07 212.59
10.26 110.10 213.67
10.27 110.15 214.55
10.28 110.56 215.43
10.29 110.70 216.16
10.3 110.88 216.85
10.31 110.92 217.55
10.32 110.90 218.09
10.33 110.93 218.65
10.34 111.26 219.26
10.35 111.02 219.93
10.36 111.04 220.28
10.37 111.07 220.85
10.38 110.63 221.18
10.39 110.75 221.73
10.4 110.88 222.00
10.41 110.52 222.44
10.42 110.35 222.45
10.43 110.10 222.92
10.44 109.87 223.04
10.45 109.58 223.28
10.46 109.24 223.49
10.47 108.98 223.45
10.48 108.47 223.46
10.49 108.05 223.33
10.5 107.74 223.38
10.51 107.21 223.22
10.52 106.75 223.30
10.53 106.11 223.15
10.54 105.63 223.05
10.55 104.96 222.66
10.56 104.24 222.39
10.57 103.63 222.17
10.58 102.78 221.66
10.59 102.26 221.51
10.6 101.32 221.05
10.61 100.50 220.47
10.62 99.84 220.14
10.63 98.95 219.44
10.64 97.97 219.21
10.65 97.36 218.47
10.66 96.17 217.95
10.67 95.06 217.19
10.68 94.21 216.44
10.69 93.37 215.78
10.7 92.22 215.21
10.71 91.33 214.24
10.72 89.84 213.38
10.73 88.72 212.69
10.74 87.40 211.86
10.75 86.47 210.85
10.76 85.24 210.14
10.77 84.03 209.10
10.78 82.85 207.95
10.79 81.57 207.06
10.8 79.94 205.80
10.81 78.70 204.99
10.82 77.30 203.94
10.83 76.07 202.79
10.84 74.58 201.66
10.85 73.23 200.45
10.86 71.85 199.41
10.87 70.06 198.07
10.88 68.87 196.86
10.89 67.36 195.96
10.9 65.85 194.39
10.91 64.39 192.97
10.92 62.85 191.84
10.93 61.35 190.62
10.94 59.98 189.02
10.95 58.32 187.92
10.96 56.96 186.55
10.97 55.50 185.17
10.98 53.95 183.85
10.99 52.33 182.24
11 51.12 180.81
11.01 49.66 179.44
11.02 48.06 178.20
11.03 46.83 176.74
11.04 45.36 175.12
11.05 44.34 173.57
11.06 42.70 172.24
11.07 41.33 170.49
11.08 40.21 169.22
11.09 39.13 167.69
11.1 37.90 166.14
11.11 37.14 164.66
11.12 36.19 163.11
11.13 35.32 161.56
11.14 34.49 160.15
11.15 33.92 158.58
11.16 33.50 157.00
11.17 33.03 155.65
11.18 32.75 153.93
11.19 32.66 152.46
11.2 32.84 150.85
11.21 32.80 149.33
11.22 32.95 148.07
11.23 33.72 146.63
11.24 34.06 144.92
11.25 34.64 143.57
11.26 35.42 141.90
11.27 36.37 140.53
11.28 37.26 139.19
11.29 38.18 137.78
11.3 39.49 136.32
11.31 40.78 134.87
11.32 41.98 133.54
11.33 43.06 132.07
11.34 44.47 130.67
11.35 46.02 129.42
11.36 47.49 127.73
11.37 48.87 126.67
11.38 50.60 125.22
11.39 51.82 123.93
11.4 53.44 122.60
11.41 55.16 121.39
11.42 56.81 120.09
11.43 58.17 118.74
11.44 59.84 117.47
11.45 61.68 116.30
11.46 63.24 115.15
11.47 64.75 113.90
11.48 66.44 112.85
11.49 68.10 111.63
11.5 69.91 110.28
11.51 71.25 109.25
11.52 72.83 108.27
11.53 74.60 107.24
11.54 75.98 106.09
11.55 77.46 105.09
11.56 79.16 103.89
11.57 80.74 102.91
11.58 82.32 101.79
11.59 83.79 100.96
11.6 85.41 100.00
11.61 86.76 98.96
11.62 88.30 98.03
11.63 89.76 97.29
11.64 91.13 96.28
11.65 92.41 95.31
11.66 93.96 94.47
11.67 95.18 93.48
11.68 96.53 92.72
11.69 97.84 91.63
11.7 99.19 90.95
11.71 100.59 90.19
11.72 101.70 89.24
11.73 102.94 88.42
11.74 104.32 87.83
11.75 105.53 86.87
11.76 106.43 86.17
11.77 107.58 84.94
11.78 108.72 84.38
11.79 109.82 83.83
11.8 110.78 82.83
11.81 111.71 81.87
11.82 112.82 81.32
11.83 113.91 80.47
11.84 114.72 79.63
11.85 115.72 78.98
11.86 116.63 78.23
11.87 117.38 77.18
11.88 118.32 76.59
11.89 119.08 75.63
11.9 119.70 74.97
11.91 120.59 74.36
11.92 121.26 73.44
11.93 122.06 72.70
11.94 122.59 71.65
11.95 123.42 70.79
11.96 123.92 69.80
11.97 124.48 69.17
11.98 125.08 68.52
11.99 125.67 67.74
12 126.11 66.77
12.01 126.71 66.04
12.02 127.12 65.08
12.03 127.54 64.26
12.04 127.91 63.38
12.05 128.45 62.51
12.06 128.82 61.66
12.07 129.01 60.58
12.08 129.38 59.69
12.09 129.62 58.88
12.1 130.05 58.11
12.11 130.30 57.20
12.12 130.54 56.32
12.13 130.71 55.43
12.14 131.11 54.63
12.15 131.14 53.88
12.16 131.28 52.82
12.17 131.40 52.37
12.18 131.79 51.44
12.19 131.61 50.53
12.2 131.71 49.75
12.21 132.18 48.92
12.22 132.20 48.21
12.23 132.11 47.38
12.24 132.44 46.69
12.25 132.05 46.11
12.26 132.40 45.61
12.27 132.47 44.92
12.28 132.51 44.49
12.29 132.35 43.86
12.3 132.68 43.49
12.31 132.75 43.05
12.32 132.78 42.93
12.33 132.83 42.33
12.34 132.91 42.63
12.35 132.85 42.19
12.36 133.03 42.19
12.37 132.85 42.39
12.38 133.02 42.74
12.39 133.10 42.70
12.4 133.21 43.06
12.41 133.33 43.48
12.42 133.11 44.11
12.43 133.57 44.57
12.44 133.72 45.39
12.45 133.98 45.87
12.46 134.14 46.93
12.47 134.37 47.64
12.48 134.34 48.86
12.49 134.58 49.88
12.5 134.83 51.20