0 0.15204 76.3
300 0.22204 42.8
600 0.19919 48.5
900 0.18855 52.0
1200 1.27030 6.9
1500 0.39224 23.0
1800 0.70760 12.3
2100 0.34657 24.9
2400 0.16651 57.7
2700 0.26214 32.4
3000 0.36054 23.4
3300 0.19074 48.0
3600 1.15505 7.3
3900 1.27743 6.7
4200 0.79280 10.4
4500 0.18169 51.4
4800 0.19210 46.2
5100 0.27410 30.4
5400 0.20429 41.4
5700 0.27863 29.8
6000 0.18936 46.7
6300 1.05639 7.8
6600 0.35132 23.1
6900 0.15671 58.6
7200 0.40231 19.9
7500 0.37709 21.2
7800 0.16524 51.9
8100 0.16464 51.0
8400 0.25678 31.3
8700 0.23834 33.3
9000 0.15230 55.7
9300 0.67253 11.9
9600 0.81641 9.9
9900 0.17017 46.9
10200 0.17731 43.9
10500 0.19447 39.2
10800 0.42161 18.6
11100 0.34666 22.0
11400 0.43533 17.7
11700 0.64883 12.3
12000 0.77949 10.3
12300 0.40838 18.0
12600 0.10211 70.8
12900 0.48574 15.0
13200 0.19550 35.6
13500 0.21529 31.6
13800 0.17969 36.7
14100 0.24080 29.0
14400 0.09151 72.1
14700 0.09811 63.3
15000 0.13987 44.9
15300 0.08740 71.1
15600 0.18021 35.4
15900 1.54426 5.1
16200 0.57244 13.1
16500 0.10401 55.3
16800 0.17579 36.3
17100 0.08246 65.8
17400 0.19797 31.9
17700 0.07269 70.5
18000 0.60442 12.2
18300 0.81832 9.3
18600 0.23753 26.1
18900 0.06379 64.8
19200 1.48865 5.4
19500 0.26052 24.4
19800 0.12419 40.8
20100 0.43212 16.2
20400 0.09624 45.1
20700 0.32383 19.5
21000 0.04217 68.7
21300 0.04444 62.5
21600 0.32628 19.1
21900 0.78889 9.3
22200 0.12683 35.4
22500 0.09998 39.8
22800 0.19165 27.1
23100 0.03187 62.0
23400 0.03298 61.7
23700 0.10625 37.4
24000 0.08177 41.9
24300 0.32941 18.3
24600 0.03912 51.7
24900 0.21501 23.6
25200 0.38150 16.4
25500 0.28258 20.1
25800 0.00512 63.7
26100 0.01301 55.0
26400 0.19702 23.3
26700 0.01424 52.3
27000 0.11952 29.4
27300 0.19141 22.7
27600 -0.00663 56.0
27900 -0.02401 64.2
28200 0.20819 21.6
28500 1.27398 5.6
28800 0.82485 8.3
29100 0.38714 14.8
29400 -0.02647 59.9
29700 0.00237 48.1
30000 0.79676 8.8
30300 0.31616 16.6
30600 0.54376 12.0
30900 0.20094 22.7
31200 0.27027 19.1
31500 0.33137 16.4
31800 -0.04303 64.5
32100 0.89234 8.0
32400 0.02487 39.3
32700 0.05545 34.1
33000 0.15960 24.0
33300 -0.05175 64.1
33600 -0.02604 50.2
33900 0.06824 30.9
34200 0.17843 22.0
34500 -0.03941 56.3
34800 1.04158 7.0
35100 0.07655 29.2
35400 0.20734 20.6
35700 0.62142 10.4
36000 0.62658 10.5
36300 -0.05460 63.6
36600 0.82068 8.3
36900 -0.01385 43.4
37200 -0.07376 67.1
37500 0.71509 9.2
37800 1.24826 6.0
38100 0.69343 9.8
38400 1.19324 6.1
38700 -0.06646 68.1
39000 -0.04382 55.6
39300 0.45767 13.3
39600 0.08887 29.6
39900 0.41861 14.2
40200 0.02356 40.4
40500 0.49046 12.8
40800 0.28492 18.3
41100 -0.04787 68.5
41400 0.91457 7.8
41700 0.08206 31.6
42000 0.30075 17.6
42300 0.47504 13.1
42600 0.60405 11.0
42900 0.32884 16.9
43200 0.06860 34.1
43500 0.17182 24.3
43800 0.21893 21.2
44100 -0.04889 76.7
44400 0.19838 23.2
44700 0.80534 9.3
45000 1.24361 6.4
45300 0.67980 10.4
45600 0.28705 18.4
45900 0.02759 38.9
46200 0.07697 31.6
46500 0.00636 42.7
46800 0.16455 23.8
47100 0.05491 32.9
47400 1.29652 6.0
47700 0.33095 16.6
48000 -0.07810 81.7
48300 1.39233 5.6
48600 0.42440 14.6
48900 0.82925 9.1
49200 1.70342 5.0
49500 1.12976 7.0
49800 0.08666 31.4
50100 0.08540 31.4
50400 1.33770 6.0
50700 0.99550 7.6
51000 0.31203 17.9
51300 0.08697 31.6
51600 -0.01884 52.6
51900 0.37389 16.3
52200 -0.03962 58.5
52500 0.04644 35.7
52800 -0.02502 50.4
53100 -0.01078 45.4
53400 0.04768 34.2
53700 0.00323 41.7
54000 -0.03653 53.4
54300 0.29108 17.9
54600 0.14289 25.5
54900 0.34427 16.2
55200 0.12913 25.5
55500 -0.08686 79.9
55800 0.00906 37.8
56100 -0.08426 68.9
56400 -0.00338 38.6
56700 -0.05295 52.1
57000 0.28822 17.1
57300 0.23481 19.0
57600 0.03354 34.0
57900 0.10141 26.6
58200 -0.09272 74.1
58500 0.45555 13.2
58800 0.10631 26.0
59100 -0.09469 72.3
59400 -0.07633 60.3
59700 0.24831 18.7
60000 0.02608 34.8
60300 0.97926 7.6
60600 -0.05447 51.5
60900 1.19731 6.4
61200 0.02903 35.4
61500 1.30879 6.1
61800 0.21028 20.1
62100 0.16814 22.5
62400 0.04394 33.5
62700 0.23156 20.0
63000 0.42583 14.0
63300 0.01682 36.9
63600 0.65442 10.3
63900 0.67479 10.0
64200 0.09433 27.1
64500 1.53709 5.1
64800 -0.02779 45.9
65100 -0.04584 51.7
65400 -0.07898 71.7
65700 -0.01332 43.0
66000 0.14309 24.6
66300 -0.00361 40.9
66600 -0.01022 43.9
66900 0.34769 16.5
67200 0.20540 21.8
67500 -0.03227 50.6
67800 0.02970 37.4
68100 0.63387 11.4
68400 0.08413 32.2
68700 -0.03208 54.2
69000 0.89032 8.8
69300 0.28668 19.2
69600 -0.02682 54.1
69900 0.01812 42.4
70200 -0.02842 56.4
70500 0.21707 22.7
70800 -0.05024 72.8
71100 0.34336 17.7
71400 -0.02796 63.7
71700 -0.01853 57.9
72000 0.07723 36.4
72300 0.50954 14.2
72600 0.01719 50.2
72900 0.02992 47.3
73200 -0.02671 70.4
73500 0.22530 23.8
73800 0.19754 25.5
74100 0.01278 50.2
74400 0.12415 30.4
74700 0.09054 34.0
75000 0.08655 34.0
75300 0.12982 29.9
75600 0.85727 9.3
75900 0.34074 18.2
76200 0.23398 22.6
76500 1.04992 8.0
76800 0.01108 49.3
77100 0.16761 27.2
77400 0.24846 22.2
77700 0.07181 36.7
78000 0.31019 19.4
78300 -0.02445 61.0
78600 0.02823 44.8
78900 0.01910 46.7
79200 0.41300 16.3
79500 -0.05083 77.6
79800 -0.00991 51.3
80100 0.10212 31.5
80400 -0.04439 67.4
80700 0.33913 18.7
81000 0.04463 40.0
81300 0.85973 9.7
81600 0.23709 22.6
81900 0.03237 42.2
82200 0.06477 36.8
82500 0.13581 29.1
82800 1.29464 6.8
83100 0.27987 20.1
83400 0.11271 30.1
83700 0.51648 13.8
84000 0.92372 9.0
84300 -0.00265 47.0
84600 0.03202 39.2
84900 -0.02945 53.0
85200 0.52777 13.7
85500 0.11445 30.5
85800 0.27965 20.4
86100 1.24478 7.1
86400 0.20984 23.8
