 -0.0052 -0.0052 -0.0052 -0.0052 -0.0052 -0.0052 -0.0052 -0.0052 -0.0052 -0.0052 -0.0052 -0.0052 -0.0052 -0.0052 -0.0052 -0.0052 -0.0052 -0.0052 -0.0052 -0.0052 -0.0052 -0.0052 -0.0052 -0.0052 -0.0052 -0.0052 -0.0052 -0.0052 -0.0052 -0.0052 -0.0052 -0.0052 -0.0052 -0.0052 -0.0052 -0.0052 -0.0052 -0.0052 -0.0052 -0.0052 -0.0052 -0.0052 -0.0052 -0.0052 -0.0052 -0.0052 -0.0052 -0.0052 -0.0052 -0.0052
  0.5445 -0.3278  0.7100 -0.0255 -0.1846  0.5139 -0.2105  0.0676  0.4384 -0.8922 -0.3313  0.0668  0.5534 -1.3314  0.0135 -0.3457  0.0609 -1.1255  0.4152  0.0915 -0.1809 -0.9629  1.0491 -0.0032 -0.3184 -0.2967 -1.0348  0.4514  0.2282  0.6737  0.9841 -0.7395  0.3505  0.0813 -0.2273  0.2619 -0.8009  0.4378 -0.2260 -0.3765  0.2535  1.0007  0.4665 -0.3791 -0.4586  0.7077 -0.0342  0.1848 -0.0873 -0.2522
  0.1235 -0.0098 -0.4309  0.3829  0.1815 -0.1568 -1.0252  0.0571  0.1549 -0.1904 -0.4011  0.2005 -0.1639  0.1333  0.5416 -0.5675  0.2296 -0.6093 -0.6838 -0.1456 -0.4798  0.4584  0.4575 -0.5631  0.1227 -0.0749  0.8866 -0.5994 -0.4294  0.0521 -0.2045 -0.9440  0.0392 -0.7995  0.0101  0.7973  0.7563 -0.3096 -0.4809  0.0833 -1.1553  0.7887 -0.2242 -1.5025 -0.0499 -0.4493  0.4800  0.8287  0.3251  0.3690
  0.5520 -0.6198  0.3147 -0.4293 -0.3453 -0.8212  0.0198 -0.0513  0.6566  0.4160 -0.0810  0.4956  0.2449 -0.3322  0.2821 -0.5072  0.7654  0.1823  0.4883  0.0552 -0.2982 -0.1509 -0.2350  0.7811  0.1804  0.0449  0.3966 -0.7192 -0.5662  0.4962 -0.8746 -0.2775  0.2683 -0.6234  1.1662 -0.5786 -0.0518 -0.3461  0.5866  0.2336 -0.3957 -0.6822  0.0116 -0.1071 -0.5793  0.4905 -0.4455  0.0376 -1.5795  0.0388
 -0.8301  0.0593 -0.0628  0.1876  0.2250  0.0257  0.2076 -0.8444 -0.4134 -0.0829 -0.5412  0.2727  0.1495  0.3110  0.1334  0.3895  0.7424 -0.8901 -0.1812 -0.8561  0.0361 -0.6858  0.6296  0.0045 -0.7076  0.6367  0.9900 -0.6973 -0.3932 -0.4390  0.8987  0.3399 -0.4549 -0.6124  0.1153 -0.3968  0.3799 -0.4639 -0.8444  0.0779  0.2377 -0.0593  0.3258  0.3833 -0.2630 -1.2085  0.2592 -0.1837  0.5553 -0.5588
 -0.4062 -0.6550 -1.2085 -0.1092  0.2705  0.1200  0.4494  0.4312  0.0467  0.2422 -0.1188 -0.2990 -0.1332  0.6944  0.1007 -0.7555 -0.3127  0.1931  0.6219  1.1147  0.6764  0.7906  1.3601 -0.4599 -0.9884 -0.1056 -0.5579  0.5318  0.0903 -0.1609 -0.0960 -0.5575  0.4915  0.1136  0.8641  0.4689  0.1908  0.1440 -0.5260 -0.1248  0.3972  0.0964  0.8232 -0.0788  0.2032  0.2264 -0.3128 -0.1653 -0.4707 -0.1987
 -0.3159 -0.7132 -0.2737  0.3875  0.4297  0.4920  0.8421  0.0282  0.1948 -1.0176 -0.0771 -0.3994 -0.0925  0.9822 -0.5046 -0.4054  0.3259  0.2014  1.1102 -0.1505  0.8099 -0.7710  0.2525 -0.4237  0.2697 -0.1129 -0.0349  0.2433 -0.0410 -0.4302  0.6422  0.0247  0.5185 -0.5108  0.7469 -0.3804 -0.3863 -0.4434 -0.3761  0.3873  0.6004  0.2714  0.1607 -0.4754  0.2270  0.0219  0.3571 -0.3406 -0.3214  0.0203
  0.5693  0.4192 -0.5138 -0.0949 -0.4175 -0.2168 -0.2264 -0.0639 -0.2185 -0.0544 -1.0970 -0.4469  0.1666  0.2001 -0.7022 -0.0142  0.7818  0.1882 -0.0990 -0.6546 -0.3533 -0.8487 -1.1345 -0.0921 -1.1802  0.6037 -0.6145 -0.3306  0.1115  0.0123  0.6295  0.2098 -0.4733  0.3444  0.7618 -0.3716 -0.0220  0.0465  0.4436  0.3933 -0.0474 -0.6082  0.2587  0.6020  0.4331 -0.1190  0.4223 -0.4467 -0.4221  0.0836
  0.0076 -0.9095 -0.1873 -0.4209  0.8528 -0.4043 -0.1730 -0.5238 -0.1856 -0.4529 -0.0416 -0.1854 -0.4405 -0.0194 -0.3723 -0.8556  0.2848 -0.4099 -0.1998 -0.5253 -0.1925 -0.4260  0.7004  0.3537 -0.4816  0.1053 -0.0132  0.5421 -0.7015 -0.1977  0.3448 -0.2003 -0.3199  0.3826 -0.1452  0.8615 -0.0027  0.3749  0.0932 -0.1135 -0.0900  0.2931  0.6630  0.3762 -0.0449 -0.0185  0.6008 -0.2929 -0.0176 -0.7438
 -0.1434 -0.1149 -0.4206  0.1401 -0.4328  0.6831  0.6166  0.4319  0.3503 -0.1082 -0.2213 -1.3289 -0.2181  0.2129 -0.5218  0.8306 -0.1815 -0.0093  0.2595 -0.4963 -1.0056 -0.0625  0.2936  0.7686 -0.5710 -0.6337 -0.0165 -0.2019  0.2417 -0.0724 -0.2585 -0.1654 -0.4747  0.0787 -0.4653 -0.4781  0.1425 -0.2630 -0.0479 -0.7443 -0.2041  0.4150 -0.6096  0.1169  0.0047  0.4553  0.2491  0.8738  0.0879  0.2423
  0.0651  0.4991 -0.0441 -0.0868  0.3364  0.5590  0.1719  0.8478  0.0998 -0.2374  0.0438 -0.5584 -1.1758 -0.0431  0.4505 -0.9655  1.3282 -0.7028 -0.1188  0.6121  0.0653 -0.3603 -0.1221 -0.3955 -0.3412 -0.2476 -0.5720  0.1871 -0.4708  0.1955 -0.4289 -0.9462  0.1468 -0.8099 -0.4241 -0.3613  0.1438 -0.1076 -0.3501  0.3881  0.2716 -0.2421  0.1064  0.0245 -0.2993  0.8632  0.5459 -1.0019  0.1385 -0.1303
 -0.6945 -1.2177 -0.3940 -0.0247 -0.3745  0.1793  0.3791  0.2555  0.1273 -0.2732 -0.1507  0.2892 -0.4419  0.4781 -1.4079 -0.4197  0.2514 -0.4429  0.3818  0.2571  0.0063  0.1146 -0.1935  0.1884 -0.0058  1.5451  0.3059  0.5124 -0.2427 -0.7383  0.6286 -0.2227 -0.2457 -0.8177 -0.2869  0.1633  0.4937  0.7345  0.1558  1.0241  0.5313  0.3051  0.5630  0.2111 -0.5737 -0.4595  0.4618  0.2060 -0.4339  0.3692
 -0.2850  0.2986  0.5172  0.2763  0.0446 -0.4694  0.8849  0.6202 -0.0643  0.6337 -0.8816 -0.2780 -0.1963  0.6443 -0.0054  0.6262  0.5525 -0.0944  0.0859 -1.1238  0.1277 -0.7782 -0.4326 -0.2788  0.1312  0.5741 -0.4269  0.4149 -0.4291 -0.0637 -0.3933  0.5232 -0.1672 -0.8375 -0.5940 -0.3647 -0.0381 -0.0683  0.1679  0.0466 -0.2456 -1.0711 -0.8275  0.5426 -0.2897  0.3441 -0.1159 -0.0552 -0.4068  0.6785
 -0.6725 -0.1630 -0.3264 -0.1180  0.6386  0.7861  0.0509  0.5970 -0.1426  1.1717 -0.5187 -0.2190 -0.2071 -0.2573 -0.2857  0.1156 -0.2169  0.3571  0.6111 -0.3065  0.2966  0.7955  1.3497  0.1691 -0.4122  1.0328 -0.9951 -0.3712  0.0114 -0.3354  0.4276 -0.0731  0.1511  0.2095  0.6290 -0.2682  0.2498  0.8649 -0.9232 -0.6147 -0.2453 -0.1451  0.5014  0.3141  0.4587 -0.4584  0.6116  0.8975  0.1331 -0.0494
 -0.4389 -0.7703 -0.4305 -1.0410 -0.7227 -0.1546  0.0535 -0.2340  0.7982 -0.2463 -0.8081 -0.5902 -0.1896  0.4179 -0.0535  0.1005  0.5044 -0.2782  0.3485  0.0889  0.8547  0.4218 -0.1997  1.0725 -0.3196  0.0636 -0.7063 -0.2170  0.3700 -0.4507  0.2417 -0.4653  0.1159  0.5572 -0.2906  0.1403 -0.8694 -0.2898 -0.3640  0.4758  0.2347  0.0609  0.6955  0.9874 -0.1140  0.0424  0.8800  0.6696  0.3010  0.6283
  0.9673 -0.5934  0.6926  0.3528  0.8983  0.6336  1.2913 -0.5018  0.4696 -0.2360  0.2578 -0.3419  0.3764  0.1192 -0.0395  0.5409 -0.1186 -0.9648 -0.5626  0.2903 -0.7854 -0.0126 -0.1447  0.1392 -0.2467  0.5849 -0.5442  0.1060 -0.3680 -0.0235 -0.1942 -0.1352 -0.4739  0.2185  0.1811  0.3787 -0.6356 -0.5503  0.7633  0.1336 -0.0747 -0.0079 -0.3004 -0.0927  1.2700  1.4933 -0.1883  0.4766 -0.4258  0.0917
 -0.2205  0.2179 -0.2950 -0.3687 -0.1964 -0.3882  0.8627  0.1377  0.3440 -0.3790 -0.5714  0.5884  0.3027  0.2985 -0.9301  1.0835 -0.2698 -0.0555 -0.5509 -0.3931  0.0860  0.0263  0.1551  1.1115 -0.3206 -0.3234 -0.7958  0.5171  0.1252 -0.6139 -0.4571  0.4475 -0.3245  0.9928  0.4340 -0.0032  0.9303  0.2132 -0.6219  0.0359  1.0199 -0.1257  0.9479 -0.3701 -0.6672  0.1258 -0.3428 -0.0865  0.0230 -0.1262
  0.1500  0.4984  0.3326  0.1357 -0.2288 -0.0464  1.2537  0.7760 -0.2628 -0.2236  1.0050 -0.4118 -0.7926 -0.1523 -0.0555 -0.0532  0.2688  0.8635  0.4689 -0.3282 -0.2247  0.1287 -0.4720  0.3029 -0.7982  0.1020  0.1805  0.3626 -0.0463 -0.1149 -0.1568 -0.2299  0.3600  0.0936  0.3929  0.6492  0.1911  0.2151 -0.1287  0.1570 -0.3695  0.3095  0.1769 -0.1062  0.3077 -0.0090  0.0780  0.3492 -0.6770 -0.0163
  0.2906  0.5183  0.5595  0.9103  0.0021  0.4819  0.7651  0.0977  0.5524 -0.4358 -0.5117  0.1002  0.3819 -0.7080 -0.1274 -0.4526  0.1886 -0.0632 -0.6577  0.3341  0.3272 -0.9227  0.2227 -1.1500  0.1130  0.4237  0.4603 -0.3360  0.1757  0.0736 -0.5872 -0.5481  0.5055 -0.2163  0.3172  0.8003  0.1858  0.7807 -0.3864  0.1143  0.6232 -0.2389  0.6996  1.1723  0.0562  0.1455 -0.7990  0.2875 -0.1418 -0.4739
  0.2150  0.5492 -0.0203  0.6744  0.0543  1.5961  0.6220 -0.0545 -0.1664  0.2000 -0.0853 -0.6663 -0.7544 -0.2304  0.0637  1.0154  0.3358 -0.1112  0.8176  0.4399 -0.4692 -1.0154 -0.1255 -0.4217 -0.1720  0.8956  0.3857  0.3682 -0.2426  1.0637  0.4757  0.6105 -0.3547 -0.5317  0.3348 -0.0650  0.4547 -0.1217  0.9066  0.2425 -0.0455  0.3180  0.4528  0.2462  0.2371  0.1971  0.0009 -0.3817  0.3188  0.0038
